  0    157.400000
  1    133.848598
  2    110.297196
  3     86.745794
  4     63.194393
  5     39.642991
  6     16.091589
  7    352.540187
  8    328.988785
  9    305.437383
 10    281.885981
 11    258.334579
 12    234.783178
 13    211.231776
 14    187.680374
 15    164.128972
 16    140.577570
 17    117.026168
 18     93.474766
 19     69.923365
 20     46.371963
 21     22.820561
 22    359.269159
 23    335.717757
 24    312.166355
 25    288.614953
 26    265.063551
 27    241.512150
 28    217.960748
 29    194.409346
 30    170.857944
 31    147.306542
 32    123.755140
 33    100.203738
 34     76.652336
 35     53.100935
 36     29.549533
 37      5.998131
 38    342.446729
 39    318.895327
 40    295.343925
 41    271.792523
 42    248.241122
 43    224.689720
 44    201.138318
 45    177.586916
 46    154.035514
 47    130.484112
 48    106.932710
 49     83.381308
 50     59.829907
 51     36.278505
 52     12.727103
 53    349.175701
 54    325.624299
 55    302.072897
 56    278.521495
 57    254.970094
 58    231.418692
 59    207.867290
 60    184.315888
 61    160.764486
 62    137.213084
 63    113.661682
 64     90.110280
 65     66.558879
 66     43.007477
 67     19.456075
 68    355.904673
 69    332.353271
 70    308.801869
 71    285.250467
 72    261.699065
 73    238.147664
 74    214.596262
 75    191.044860
 76    167.493458
 77    143.942056
 78    120.390654
 79     96.839252
 80     73.287851
 81     49.736449
 82     26.185047
 83      2.633645
 84    339.082243
 85    315.530841
 86    291.979439
 87    268.428037
 88    244.876636
 89    221.325234
 90    197.773832
 91    174.222430
 92    150.671028
 93    127.119626
 94    103.568224
 95     80.016823
 96     56.465421
 97     32.914019
 98      9.362617
 99    345.811215
100    322.259813
101    298.708411
102    275.157009
103    251.605608
104    228.054206
105    204.502804
106    180.951402
