1485    52635.00
52635.00  -.0765    .1768   -.28491
52636.00  -.0787    .1788   -.28609
52637.00  -.0812    .1811   -.28721
52638.00  -.0835    .1832   -.28817
52639.00  -.0857    .1855   -.28891
52640.00  -.0885    .1879   -.28945
52641.00  -.0916    .1902   -.28979
52642.00  -.0945    .1926   -.29009
52643.00  -.0976    .1952   -.29046
52644.00  -.1007    .1974   -.29085
52645.00  -.1035    .1993   -.29135
52646.00  -.1060    .2013   -.29202
52647.00  -.1085    .2034   -.29286
52648.00  -.1111    .2055   -.29374
52649.00  -.1132    .2079   -.29463
52650.00  -.1152    .2104   -.29555
52651.00  -.1173    .2126   -.29645
52652.00  -.1190    .2147   -.29725
52653.00  -.1203    .2169   -.29790
52654.00  -.1216    .2191   -.29840
52655.00  -.1229    .2215   -.29875
52656.00  -.1243    .2241   -.29899
52657.00  -.1260    .2265   -.29921
52658.00  -.1276    .2288   -.29947
52659.00  -.1288    .2310   -.29984
52660.00  -.1299    .2334   -.30040
52661.00  -.1310    .2364   -.30115
52662.00  -.1321    .2396   -.30201
52663.00  -.1335    .2424   -.30287
52664.00  -.1351    .2448   -.30375
52665.00  -.1368    .2470   -.30453
52666.00  -.1381    .2495   -.30506
52667.00  -.1389    .2522   -.30533
52668.00  -.1393    .2552   -.30541
52669.00  -.1394    .2582   -.30540
52670.00  -.1399    .2613   -.30536
52671.00  -.1411    .2641   -.30537
52672.00  -.1426    .2667   -.30545
52673.00  -.1441    .2697   -.30568
52674.00  -.1453    .2724   -.30618
52675.00  -.14619   .27534  -.306865
52676.00  -.14716   .27793  -.307619
52677.00  -.14836   .28027  -.308436
52678.00  -.14952   .28298  -.309144
52679.00  -.15110   .28578  -.309752
52680.00  -.15278   .28851  -.310241
52681.00  -.15417   .29127  -.310600
52682.00  -.15524   .29401  -.310852
52683.00  -.15588   .29674  -.311095
52684.00  -.15612   .29941  -.311383
52685.00  -.15625   .30201  -.311723
52686.00  -.15619   .30442  -.312188
52687.00  -.15576   .30691  -.312873
52688.00  -.15519   .30990  -.313813
52689.00  -.15479   .31343  -.314965
52690.00  -.15443   .31735  -.316230
52691.00  -.15490   .32127  -.317438
52692.00  -.15533   .32438  -.318528
52693.00  -.15533   .32726  -.319383
52694.00  -.15498   .33026  -.319985
52695.00  -.15456   .33326  -.320382
52696.00  -.15451   .33625  -.320649
52697.00  -.15451   .33924  -.320863
52698.00  -.15420   .34201  -.321051
52699.00  -.15367   .34456  -.321342
52700.00  -.1532    .3472   -.32173
52701.00  -.1528    .3502   -.32229
52702.00  -.1530    .3531   -.32294
52703.00  -.1534    .3558   -.32361
52704.00  -.1537    .3583   -.32430
52705.00  -.1541    .3608   -.32499
52706.00  -.1545    .3635   -.32566
52707.00  -.1547    .3663   -.32625
52708.00  -.1549    .3693   -.32674
52709.00  -.1555    .3724   -.32712
52710.00  -.1564    .3755   -.32744
52711.00  -.1570    .3786   -.32776
52712.00  -.1573    .3814   -.32813
52713.00  -.1571    .3840   -.32865
52714.00  -.1569    .3869   -.32939
52715.00  -.1567    .3898   -.33041
52716.00  -.1560    .3926   -.33171
52717.00  -.1549    .3958   -.33322
52718.00  -.1538    .3996   -.33476
52719.00  -.1531    .4034   -.33616
52720.00  -.1523    .4066   -.33731
52721.00  -.1514    .4096   -.33815
52722.00  -.1505    .4124   -.33870
52723.00  -.1491    .4154   -.33901
52724.00  -.1475    .4183   -.33925
52725.00  -.1457    .4212   -.33955
52726.00  -.1434    .4240   -.33994
52727.00  -.1406    .4269   -.34048
52728.00  -.1378    .4298   -.34121
52729.00  -.1354    .4328   -.34204
52730.00  -.1333    .4356   -.34293
52731.00  -.1312    .4386   -.34387
52732.00  -.1290    .4417   -.34487
52733.00  -.1270    .4447   -.34579
52734.00  -.1246    .4475   -.34662
52735.00  -.1221    .4508   -.34733
52736.00  -.1198    .4541   -.34793
52737.00  -.1176    .4570   -.34837
52738.00  -.1160    .4597   -.34870
52739.00  -.1147    .4623   -.34903
52740.00  -.1132    .4648   -.34942
52741.00  -.1114    .4675   -.34996
52742.00  -.1093    .4703   -.35075
52743.00  -.1072    .4729   -.35186
52744.00  -.1053    .4753   -.35323
52745.00  -.1038    .4774   -.35471
52746.00  -.1022    .4792   -.35614
52747.00  -.1003    .4812   -.35728
52748.00  -.0980    .4834   -.35814
52749.00  -.0955    .4857   -.35869
52750.00  -.0930    .4877   -.35890
52751.00  -.0907    .4896   -.35890
52752.00  -.0885    .4917   -.35889
52753.00  -.0859    .4937   -.35904
52754.00  -.0828    .4958   -.35930
52755.00  -.0800    .4980   -.35969
52756.00  -.0776    .5002   -.36024
52757.00  -.0752    .5024   -.36091
52758.00  -.0728    .5044   -.36165
52759.00  -.0703    .5062   -.36241
52760.00  -.0669    .5080   -.36311
52761.00  -.0630    .5099   -.36364
52762.00  -.0594    .5116   -.36397
52763.00  -.0561    .5134   -.36410
52764.00  -.0531    .5154   -.36409
52765.00  -.0501    .5175   -.36402
52766.00  -.0471    .5197   -.36391
52767.00  -.0447    .5216   -.36384
52768.00  -.0421    .5233   -.36391
52769.00  -.0397    .5251   -.36420
52770.00  -.0377    .5266   -.36473
52771.00  -.0360    .5280   -.36551
52772.00  -.0344    .5293   -.36655
52773.00  -.0326    .5305   -.36778
52774.00  -.0304    .5319   -.36897
52775.00  -.0283    .5332   -.36992
52776.00  -.0259    .5343   -.37053
52777.00  -.0236    .5355   -.37089
52778.00  -.0213    .5365   -.37105
52779.00  -.0185    .5375   -.37121
52780.00  -.0154    .5386   -.37145
52781.00  -.0125    .5396   -.37173
52782.00  -.0098    .5404   -.37220
52783.00  -.0070    .5410   -.37277
52784.00  -.0040    .5413   -.37339
52785.00  -.0009    .5416   -.37404
52786.00   .0024    .5420   -.37464
52787.00   .0059    .5426   -.37516
52788.00   .0094    .5437   -.37555
52789.00   .0126    .5446   -.37578
52790.00   .0156    .5455   -.37585
52791.00   .0185    .5464   -.37570
52792.00   .0213    .5470   -.37537
52793.00   .0244    .5475   -.37497
52794.00   .0278    .5478   -.37455
52795.00   .03162   .54781  -.374117
52796.00   .03499   .54786  -.373767
52797.00   .03818   .54788  -.373688
52798.00   .04140   .54786  -.373863
52799.00   .04485   .54785  -.374270
52800.00   .04833   .54798  -.374802
52801.00   .05169   .54807  -.375302
52802.00   .05523   .54782  -.375608
52803.00   .05867   .54721  -.375632
52804.00   .06214   .54665  -.375333
52805.00   .06583   .54609  -.374789
52806.00   .06978   .54553  -.374123
52807.00   .07406   .54505  -.373463
52808.00   .07858   .54486  -.372905
52809.00   .08300   .54464  -.372584
52810.00   .08776   .54449  -.372274
52811.00   .09205   .54436  -.372161
52812.00   .09594   .54403  -.372102
52813.00   .09983   .54356  -.372028
52814.00   .10361   .54305  -.371872
52815.00   .10731   .54245  -.371602
52816.00   .11109   .54194  -.371209
52817.00   .11478   .54146  -.370568
52818.00   .11867   .54098  -.369858
52819.00   .12266   .54039  -.369026
52820.00   .12675   .53979  -.368122
52821.00   .13049   .53922  -.367219
52822.00   .13397   .53851  -.366393
52823.00   .13726   .53761  -.365725
52824.00   .13997   .53585  -.365165
52825.00   .1432    .5341   -.36473
52826.00   .1465    .5326   -.36449
52827.00   .1497    .5312   -.36436
52828.00   .1531    .5297   -.36426
52829.00   .1567    .5282   -.36403
52830.00   .1605    .5266   -.36353
52831.00   .1641    .5253   -.36281
52832.00   .1675    .5239   -.36193
52833.00   .1706    .5226   -.36097
52834.00   .1732    .5212   -.36003
52835.00   .1757    .5197   -.35923
52836.00   .1783    .5181   -.35862
52837.00   .1810    .5165   -.35823
52838.00   .1836    .5147   -.35802
52839.00   .1864    .5126   -.35791
52840.00   .1894    .5106   -.35779
52841.00   .1920    .5086   -.35763
52842.00   .1944    .5062   -.35740
52843.00   .1972    .5038   -.35708
52844.00   .2000    .5016   -.35662
52845.00   .2025    .4995   -.35605
52846.00   .2048    .4972   -.35540
52847.00   .2069    .4948   -.35475
52848.00   .2091    .4921   -.35414
52849.00   .2114    .4892   -.35362
52850.00   .2139    .4864   -.35323
52851.00   .2166    .4839   -.35304
52852.00   .2192    .4816   -.35309
52853.00   .2214    .4795   -.35334
52854.00   .2231    .4772   -.35372
52855.00   .2248    .4747   -.35408
52856.00   .2265    .4723   -.35432
52857.00   .2282    .4696   -.35437
52858.00   .2302    .4666   -.35418
52859.00   .2322    .4637   -.35375
52860.00   .2341    .4610   -.35319
52861.00   .2360    .4588   -.35260
52862.00   .2378    .4568   -.35209
52863.00   .2396    .4545   -.35177
52864.00   .2414    .4521   -.35168
52865.00   .2432    .4498   -.35178
52866.00   .2447    .4474   -.35199
52867.00   .2460    .4447   -.35233
52868.00   .2476    .4417   -.35269
52869.00   .2492    .4386   -.35290
52870.00   .2507    .4354   -.35291
52871.00   .2523    .4324   -.35273
52872.00   .2538    .4297   -.35237
52873.00   .2550    .4273   -.35184
52874.00   .2560    .4249   -.35123
52875.00   .2570    .4220   -.35064
52876.00   .2583    .4188   -.35004
52877.00   .2594    .4157   -.34954
52878.00   .2602    .4123   -.34931
52879.00   .2613    .4091   -.34940
52880.00   .2624    .4061   -.34986
52881.00   .2634    .4033   -.35055
52882.00   .2645    .4004   -.35130
52883.00   .2653    .3974   -.35197
52884.00   .2656    .3944   -.35242
52885.00   .2655    .3912   -.35263
52886.00   .2655    .3879   -.35260
52887.00   .2653    .3844   -.35236
52888.00   .2652    .3808   -.35208
52889.00   .2651    .3774   -.35181
52890.00   .2650    .3742   -.35159
52891.00   .2648    .3711   -.35156
52892.00   .2646    .3678   -.35176
52893.00   .2647    .3645   -.35207
52894.00   .2646    .3613   -.35246
52895.00   .2643    .3579   -.35285
52896.00   .2643    .3547   -.35314
52897.00   .2643    .3517   -.35335
52898.00   .2642    .3488   -.35346
52899.00   .2641    .3459   -.35344
52900.00   .2640    .3429   -.35333
52901.00   .2638    .3398   -.35309
52902.00   .2631    .3364   -.35281
52903.00   .2626    .3328   -.35256
52904.00   .2626    .3296   -.35240
52905.00   .2626    .3269   -.35247
52906.00   .2619    .3241   -.35284
52907.00   .2610    .3209   -.35344
52908.00   .2601    .3173   -.35425
52909.00   .2596    .3140   -.35520
52910.00   .2594    .3110   -.35610
52911.00   .2593    .3084   -.35680
52912.00   .2592    .3062   -.35727
52913.00   .2585    .3040   -.35751
52914.00   .2574    .3014   -.35756
52915.00   .2562    .2987   -.35753
52916.00   .2550    .2962   -.35758
52917.00   .2536    .2934   -.35772
52918.00   .2523    .2904   -.35804
52919.00   .2510    .2874   -.35860
52920.00   .2496    .2846   -.35933
52921.00   .2481    .2820   -.36008
52922.00   .2464    .2792   -.36076
52923.00   .2444    .2764   -.36142
52924.00   .2421    .2736   -.36198
52925.00   .2398    .2707   -.36238
52926.00   .2378    .2675   -.36260
52927.00   .2359    .2642   -.36269
52928.00   .2339    .2611   -.36269
52929.00   .2318    .2580   -.36261
52930.00   .2298    .2550   -.36253
52931.00   .2280    .2525   -.36260
52932.00   .2260    .2500   -.36288
52933.00   .2241    .2473   -.36339
52934.00   .2220    .2447   -.36420
52935.00   .2203    .2422   -.36529
52936.00   .2193    .2399   -.36659
52937.00   .2186    .2377   -.36793
52938.00   .2181    .2357   -.36910
52939.00   .2171    .2337   -.36995
52940.00   .2155    .2315   -.37042
52941.00   .2138    .2291   -.37059
52942.00   .2125    .2269   -.37056
52943.00   .2111    .2250   -.37043
52944.00   .2093    .2233   -.37039
52945.00   .2072    .2215   -.37045
52946.00   .2051    .2195   -.37067
52947.00   .2027    .2170   -.37109
52948.00   .2004    .2141   -.37166
52949.00   .1983    .2111   -.37222
52950.00   .1963    .2082   -.37274
52951.00   .1946    .2056   -.37318
52952.00   .1928    .2034   -.37355
52953.00   .1903    .2011   -.37378
52954.00   .1872    .1985   -.37381
52955.00   .1845    .1960   -.37372
52956.00   .1822    .1937   -.37368
52957.00   .1799    .1914   -.37369
52958.00   .1775    .1890   -.37377
52959.00   .1752    .1870   -.37394
52960.00   .1729    .1854   -.37427
52961.00   .1702    .1837   -.37486
52962.00   .1673    .1819   -.37569
52963.00   .1644    .1804   -.37664
52964.00   .1618    .1791   -.37766
52965.00   .1594    .1783   -.37878
52966.00   .1567    .1777   -.37975
52967.00   .1535    .1768   -.38039
52968.00   .1497    .1756   -.38069
52969.00   .1453    .1742   -.38077
52970.00   .1413    .1729   -.38072
52971.00   .1379    .1718   -.38070
52972.00   .1344    .1706   -.38081
52973.00   .1304    .1690   -.38106
52974.00   .1264    .1677   -.38144
52975.00   .1232    .1666   -.38193
52976.00   .1202    .1654   -.38247
52977.00   .1171    .1644   -.38297
52978.00   .1141    .1638   -.38335
52979.00   .1114    .1635   -.38364
52980.00   .1085    .1630   -.38383
52981.00   .1055    .1625   -.38379
52982.00   .1025    .1620   -.38355
52983.00   .0998    .1615   -.38320
52984.00   .0969    .1610   -.38283
52985.00   .0934    .1603   -.38244
52986.00   .0897    .1595   -.38217
52987.00   .0864    .1587   -.38200
52988.00   .0835    .1585   -.38200
52989.00   .0806    .1584   -.38226
52990.00   .0776    .1580   -.38275
52991.00   .0745    .1577   -.38344
52992.00   .0715    .1572   -.38423
52993.00   .0689    .1569   -.38502
52994.00   .0664    .1564   -.38573
52995.00   .0635    .1558   -.38619
52996.00   .0604    .1554   -.38631
52997.00   .0567    .1551   -.38624
52998.00   .0526    .1547   -.38622
52999.00   .0490    .1544   -.38638
53000.00   .0459    .1544   -.38673
53001.00   .0429    .1547   -.38725
53002.00   .0399    .1547   -.38787
53003.00   .0370    .1544   -.38851
53004.00   .0341    .1541   -.38909
53005.00   .0313    .1538   -.38959
53006.00   .0289    .1535   -.39007
53007.00   .0267    .1537   -.39045
53008.00   .0243    .1542   -.39063
53009.00   .0216    .1548   -.39062
53010.00   .0188    .1554   -.39052
53011.00   .0160    .1562   -.39045
53012.00   .0130    .1568   -.39047
53013.00   .0101    .1574   -.39062
53014.00   .0077    .1576   -.39100
53015.00   .0054    .1578   -.39160
53016.00   .0030    .1583   -.39245
53017.00   .0011    .1590   -.39357
53018.00  -.0009    .1600   -.39486
53019.00  -.0033    .1614   -.39613
53020.00  -.0054    .1626   -.39727
53021.00  -.0075    .1637   -.39826
53022.00  -.0102    .1650   -.39898
53023.00  -.0132    .1663   -.39941
53024.00  -.0162    .1672   -.39966
53025.00  -.0186    .1683   -.39984
53026.00  -.0211    .1700   -.40008
53027.00  -.0238    .1718   -.40043
53028.00  -.0262    .1731   -.40098
53029.00  -.0279    .1744   -.40166
53030.00  -.0291    .1759   -.40245
53031.00  -.0302    .1774   -.40330
53032.00  -.0316    .1792   -.40409
53033.00  -.0335    .1810   -.40469
53034.00  -.0360    .1829   -.40504
53035.00  -.0389    .1846   -.40519
53036.00  -.0420    .1859   -.40515
53037.00  -.0449    .1870   -.40496
53038.00  -.0480    .1880   -.40471
53039.00  -.0512    .1890   -.40445
53040.00  -.0542    .1898   -.40420
53041.00  -.0566    .1907   -.40412
53042.00  -.0588    .1920   -.40424
53043.00  -.0606    .1935   -.40464
53044.00  -.0625    .1953   -.40529
53045.00  -.0649    .1971   -.40612
53046.00  -.0677    .1991   -.40703
53047.00  -.0707    .2009   -.40796
53048.00  -.0738    .2026   -.40876
53049.00  -.0767    .2044   -.40937
53050.00  -.0795    .2062   -.40975
53051.00  -.0815    .2081   -.40990
53052.00  -.0829    .2100   -.40996
53053.00  -.0842    .2123   -.41008
53054.00  -.0866    .2149   -.41034
53055.00  -.0898    .2172   -.41081
53056.00  -.0930    .2195   -.41158
53057.00  -.0956    .2220   -.41252
53058.00  -.0979    .2243   -.41353
53059.00  -.0998    .2264   -.41460
53060.00  -.1013    .2286   -.41560
53061.00  -.1025    .2309   -.41638
53062.00  -.1039    .2334   -.41697
53063.00  -.1060    .2358   -.41739
53064.00  -.1083    .2378   -.41755
53065.00  -.1105    .2398   -.41749
53066.00  -.1123    .2420   -.41733
53067.00  -.1139    .2442   -.41722
53068.00  -.1154    .2463   -.41719
53069.00  -.1172    .2488   -.41734
53070.00  -.1189    .2514   -.41773
53071.00  -.1203    .2540   -.41831
53072.00  -.1215    .2561   -.41915
53073.00  -.1223    .2580   -.42012
53074.00  -.1229    .2600   -.42102
53075.00  -.1237    .2621   -.42176
53076.00  -.1244    .2641   -.42220
53077.00  -.1252    .2662   -.42246
53078.00  -.1260    .2685   -.42259
53079.00  -.1268    .2706   -.42254
53080.00  -.1280    .2727   -.42246
53081.00  -.1291    .2748   -.42257
53082.00  -.1300    .2770   -.42291
53083.00  -.1310    .2795   -.42349
53084.00  -.1316    .2819   -.42439
53085.00  -.1318    .2846   -.42552
53086.00  -.1318    .2878   -.42663
53087.00  -.1318    .2913   -.42772
53088.00  -.1320    .2949   -.42883
53089.00  -.1328    .2983   -.42981
53090.00  -.1340    .3018   -.43061
53091.00  -.1355    .3052   -.43126
53092.00  -.1369    .3083   -.43174
53093.00  -.1378    .3115   -.43211
53094.00  -.1387    .3147   -.43250
53095.00  -.1394    .3177   -.43299
53096.00  -.1401    .3206   -.43362
53097.00  -.1406    .3233   -.43448
53098.00  -.1407    .3260   -.43555
53099.00  -.1409    .3286   -.43682
53100.00  -.1411    .3309   -.43835
53101.00  -.1407    .3333   -.43996
53102.00  -.1401    .3361   -.44142
53103.00  -.1399    .3393   -.44262
53104.00  -.1397    .3425   -.44352
53105.00  -.1392    .3457   -.44419
53106.00  -.1387    .3491   -.44469
53107.00  -.1388    .3523   -.44501
53108.00  -.1391    .3552   -.44535
53109.00  -.1390    .3580   -.44593
53110.00  -.1385    .3608   -.44676
53111.00  -.1373    .3637   -.44769
53112.00  -.1359    .3670   -.44873
53113.00  -.1346    .3704   -.44982
53114.00  -.1334    .3737   -.45078
53115.00  -.1327    .3772   -.45155
53116.00  -.1329    .3803   -.45214
53117.00  -.1330    .3827   -.45251
53118.00  -.1329    .3851   -.45263
53119.00  -.1327    .3872   -.45255
53120.00  -.1320    .3890   -.45237
53121.00  -.1305    .3908   -.45214
53122.00  -.1285    .3928   -.45197
53123.00  -.1266    .3951   -.45198
53124.00  -.1250    .3979   -.45221
53125.00  -.1233    .4010   -.45267
53126.00  -.1214    .4042   -.45345
53127.00  -.1197    .4074   -.45445
53128.00  -.1184    .4104   -.45557
53129.00  -.1171    .4135   -.45671
53130.00  -.1158    .4164   -.45778
53131.00  -.1149    .4191   -.45861
53132.00  -.1139    .4215   -.45923
53133.00  -.1125    .4239   -.45970
53134.00  -.1111    .4262   -.46003
53135.00  -.1096    .4287   -.46037
53136.00  -.1079    .4316   -.46087
53137.00  -.1060    .4345   -.46156
53138.00  -.1039    .4372   -.46236
53139.00  -.1022    .4400   -.46332
53140.00  -.1012    .4423   -.46438
53141.00  -.1006    .4441   -.46545
53142.00  -.1001    .4456   -.46638
53143.00  -.0996    .4469   -.46715
53144.00  -.0989    .4481   -.46777
53145.00  -.0976    .4495   -.46817
53146.00  -.0962    .4510   -.46835
53147.00  -.0951    .4523   -.46843
53148.00  -.0942    .4535   -.46843
53149.00  -.0932    .4550   -.46834
53150.00  -.0918    .4566   -.46828
53151.00  -.0908    .4583   -.46831
53152.00  -.0901    .4598   -.46848
53153.00  -.0893    .4614   -.46885
53154.00  -.0883    .4631   -.46934
53155.00  -.0871    .4644   -.46992
53156.00  -.0856    .4656   -.47047
53157.00  -.0837    .4671   -.47091
53158.00  -.0819    .4690   -.47115
53159.00  -.0799    .4707   -.47118
53160.00  -.0777    .4723   -.47103
53161.00  -.0756    .4736   -.47072
53162.00  -.0744    .4755   -.47060
53163.00  -.0732    .4768   -.47043
53164.00  -.0718    .4783   -.47038
53165.00  -.0698    .4798   -.47060
53166.00  -.0684    .4816   -.47100
53167.00  -.0666    .4829   -.47143
53168.00  -.0649    .4845   -.47190
53169.00  -.0627    .4858   -.47240
53170.00  -.0603    .4873   -.47264
53171.00  -.0579    .4885   -.47263
53172.00  -.0547    .4900   -.47243
53173.00  -.0516    .4914   -.47201
53174.00  -.0481    .4933   -.47148
53175.00  -.0452    .4954   -.47084
53176.00  -.0417    .4969   -.47023
53177.00  -.0386    .4983   -.46971
53178.00  -.0350    .4997   -.46936
53179.00  -.0318    .5009   -.46915
53180.00  -.0285    .5022   -.46906
53181.00  -.0249    .5031   -.46912
53182.00  -.0221    .5049   -.46939
53183.00  -.0190    .5059   -.46957
53184.00  -.0162    .5071   -.46966
53185.00  -.0131    .5079   -.46967
53186.00  -.0102    .5090   -.46949
53187.00  -.0076    .5101   -.46899
53188.00  -.0045    .5108   -.46838
53189.00  -.0018    .5117   -.46760
53190.00   .0004    .5123   -.46711
53191.00   .0027    .5129   -.46655
53192.00   .0051    .5137   -.46613
53193.00   .0074    .5142   -.46595
53194.00   .0097    .5148   -.46590
53195.00   .0123    .5152   -.46575
53196.00   .0155    .5161   -.46554
53197.00   .0183    .5170   -.46520
53198.00   .0214    .5177   -.46463
53199.00   .0243    .5188   -.46387
53200.00   .0262    .5190   -.46296
53201.00   .0283    .5199   -.46190
53202.00   .0305    .5203   -.46088
53203.00   .0325    .5206   -.45987
53204.00   .0360    .5208   -.45915
53205.00   .0386    .5207   -.45836
53206.00   .0415    .5205   -.45767
53207.00   .0441    .5202   -.45731
53208.00   .0469    .5197   -.45720
53209.00   .0502    .5194   -.45722
53210.00   .0530    .5192   -.45731
53211.00   .0562    .5190   -.45752
53212.00   .0592    .5190   -.45736
53213.00   .0616    .5190   -.45699
53214.00   .0640    .5186   -.45650
53215.00   .0665    .5183   -.45576
53216.00   .0685    .5176   -.45503
53217.00   .0704    .5170   -.45442
53218.00   .0730    .5161   -.45392
53219.00   .0755    .5156   -.45378
53220.00   .0784    .5153   -.45391
53221.00   .0811    .5152   -.45416
53222.00   .0839    .5149   -.45443
53223.00   .0866    .5149   -.45457
53224.00   .0889    .5148   -.45462
53225.00   .0918    .5140   -.45455
53226.00   .0948    .5137   -.45432
53227.00   .0974    .5132   -.45384
53228.00   .0997    .5129   -.45322
53229.00   .1029    .5127   -.45266
53230.00   .1057    .5133   -.45195
53231.00   .1090    .5135   -.45141
53232.00   .1114    .5137   -.45096
53233.00   .1148    .5134   -.45069
53234.00   .1173    .5130   -.45068
53235.00   .1198    .5123   -.45092
53236.00   .1221    .5117   -.45132
53237.00   .1244    .5111   -.45186
53238.00   .1265    .5103   -.45240
53239.00   .1284    .5093   -.45278
53240.00   .1302    .5079   -.45297
53241.00   .1325    .5063   -.45298
53242.00   .1342    .5049   -.45283
53243.00   .1365    .5038   -.45252
53244.00   .1384    .5024   -.45213
53245.00   .1414    .5013   -.45183
53246.00   .1436    .5000   -.45190
53247.00   .1470    .4986   -.45199
53248.00   .1496    .4974   -.45257
53249.00   .1523    .4957   -.45317
53250.00   .1550    .4938   -.45374
53251.00   .1571    .4922   -.45407
53252.00   .1593    .4895   -.45431
53253.00   .1617    .4875   -.45420
53254.00   .1639    .4848   -.45384
53255.00   .1653    .4827   -.45317
53256.00   .1677    .4808   -.45243
53257.00   .1693    .4789   -.45164
53258.00   .1719    .4770   -.45090
53259.00   .1739    .4754   -.45034
53260.00   .1764    .4730   -.45013
53261.00   .1779    .4708   -.45005
53262.00   .1798    .4684   -.45042
53263.00   .1811    .4661   -.45099
53264.00   .1822    .4638   -.45165
53265.00   .1838    .4614   -.45230
53266.00   .1849    .4590   -.45289
53267.00   .1867    .4569   -.45317
53268.00   .1879    .4545   -.45320
53269.00   .1898    .4521   -.45303
53270.00   .1917    .4499   -.45277
53271.00   .1936    .4480   -.45249
53272.00   .1950    .4465   -.45227
53273.00   .1956    .4448   -.45235
53274.00   .1960    .4427   -.45267
53275.00   .1963    .4408   -.45319
53276.00   .1972    .4385   -.45393
53277.00   .1979    .4364   -.45476
53278.00   .1981    .4340   -.45544
53279.00   .1985    .4315   -.45596
53280.00   .1991    .4291   -.45636
53281.00   .1999    .4266   -.45656
53282.00   .2007    .4240   -.45664
53283.00   .2013    .4219   -.45665
53284.00   .2020    .4192   -.45665
53285.00   .2027    .4168   -.45678
53286.00   .2032    .4143   -.45693
53287.00   .2035    .4119   -.45712
53288.00   .2036    .4101   -.45756
53289.00   .2032    .4073   -.45821
53290.00   .2035    .4052   -.45910
53291.00   .2035    .4025   -.46016
53292.00   .2040    .3998   -.46127
53293.00   .2046    .3969   -.46235
53294.00   .2054    .3948   -.46331
53295.00   .2059    .3925   -.46394
53296.00   .2060    .3903   -.46414
53297.00   .2061    .3886   -.46424
53298.00   .2058    .3862   -.46420
53299.00   .2062    .3846   -.46426
53300.00   .2060    .3824   -.46451
53301.00   .2061    .3806   -.46498
53302.00   .2056    .3789   -.46563
53303.00   .2051    .3767   -.46643
53304.00   .2055    .3746   -.46732
53305.00   .2060    .3724   -.46823
53306.00   .2066    .3700   -.46904
53307.00   .2072    .3678   -.46969
53308.00   .2074    .3657   -.47012
53309.00   .2070    .3636   -.47028
53310.00   .2072    .3612   -.47035
53311.00   .2083    .3593   -.47029
53312.00   .2081    .3569   -.47028
53313.00   .2083    .3548   -.47030
53314.00   .2077    .3521   -.47047
53315.00   .2080    .3493   -.47086
53316.00   .2080    .3467   -.47152
53317.00   .2081    .3444   -.47242
53318.00   .2082    .3427   -.47356
53319.00   .2080    .3408   -.47486
53320.00   .2082    .3390   -.47617
53321.00   .2078    .3365   -.47735
53322.00   .2082    .3344   -.47835
53323.00   .2079    .3317   -.47911
53324.00   .2077    .3293   -.47941
53325.00   .2075    .3266   -.47983
53326.00   .2073    .3244   -.48020
53327.00   .2070    .3218   -.48068
53328.00   .2068    .3198   -.48138
53329.00   .2060    .3178   -.48230
53330.00   .2059    .3152   -.48340
53331.00   .2050    .3132   -.48453
53332.00   .2043    .3111   -.48564
53333.00   .2032    .3088   -.48662
53334.00   .2018    .3066   -.48736
53335.00   .2007    .3042   -.48790
53336.00   .1998    .3019   -.48825
53337.00   .1997    .2997   -.48844
53338.00   .1992    .2978   -.48848
53339.00   .1986    .2957   -.48838
53340.00   .1974    .2934   -.48828
53341.00   .1960    .2911   -.48833
53342.00   .1940    .2887   -.48874
53343.00   .1923    .2863   -.48918
53344.00   .1906    .2843   -.48980
53345.00   .18881   .28242  -.490669
53346.00   .18738   .28036  -.491675
53347.00   .18611   .27844  -.492754
53348.00   .18436   .27687  -.493800
53349.00   .18218   .27458  -.494698
53350.00   .18028   .27249  -.495325
53351.00   .17843   .27051  -.495677
53352.00   .17655   .26851  -.495880
53353.00   .17472   .26644  -.496098
53354.00   .17315   .26424  -.496476
53355.00   .17187   .26216  -.497079
53356.00   .17030   .26040  -.497909
53357.00   .16928   .25879  -.498905
53358.00   .16859   .25729  -.499987
53359.00   .16743   .25574  -.501015
53360.00   .16590   .25400  -.501904
53361.00   .16442   .25207  -.502584
53362.00   .16297   .25011  -.503048
53363.00   .16142   .24851  -.503328
53364.00   .15984   .24722  -.503356
53365.00   .15820   .24630  -.503242
53366.00   .15635   .24532  -.503090
53367.00   .15453   .24392  -.502939
53368.00   .15281   .24236  -.502848
53369.00   .15103   .24081  -.502926
53370.00   .14997   .23922  -.503200
53371.00   .14914   .23786  -.503654
53372.00   .14871   .23670  -.504272
53373.00   .14865   .23568  -.505030
53374.00   .14844   .23461  -.505870
53375.00   .1480    .2331   -.50674
53376.00   .1469    .2316   -.50740
53377.00   .1451    .2297   -.50787
53378.00   .1435    .2278   -.50818
53379.00   .1419    .2267   -.50831
53380.00   .1400    .2254   -.50858
53381.00   .1374    .2243   -.50879
53382.00   .1354    .2230   -.50933
53383.00   .1336    .2218   -.51020
53384.00   .1320    .2208   -.51129
53385.00   .1301    .2196   -.51245
53386.00   .1287    .2183   -.51370
53387.00   .1274    .2172   -.51473
53388.00   .1258    .2162   -.51568
53389.00   .1242    .2155   -.51641
53390.00   .1216    .2151   -.51690
53391.00   .1193    .2139   -.51723
53392.00   .1172    .2132   -.51742
53393.00   .1146    .2122   -.51751
53394.00   .1125    .2114   -.51753
53395.00   .1101    .2104   -.51758
53396.00   .1077    .2095   -.51773
53397.00   .1055    .2090   -.51799
53398.00   .1032    .2089   -.51844
53399.00   .1008    .2088   -.51907
53400.00   .0975    .2087   -.51968
53401.00   .0947    .2080   -.52037
53402.00   .0921    .2084   -.52119
53403.00   .0892    .2074   -.52190
53404.00   .0867    .2069   -.52243
53405.00   .0839    .2060   -.52275
53406.00   .0816    .2059   -.52298
53407.00   .0789    .2056   -.52312
53408.00   .0761    .2058   -.52371
53409.00   .0732    .2053   -.52407
53410.00   .0700    .2050   -.52490
53411.00   .0669    .2041   -.52604
53412.00   .0641    .2036   -.52746
53413.00   .0617    .2031   -.52902
53414.00   .0592    .2029   -.53058
53415.00   .0575    .2030   -.53188
53416.00   .0546    .2033   -.53298
53417.00   .0521    .2030   -.53375
53418.00   .0483    .2028   -.53429
53419.00   .0459    .2031   -.53470
53420.00   .0424    .2037   -.53512
53421.00   .0405    .2044   -.53568
53422.00   .0376    .2051   -.53630
53423.00   .0357    .2056   -.53711
53424.00   .0332    .2060   -.53809
53425.00   .0318    .2060   -.53929
53426.00   .0303    .2066   -.54071
53427.00   .0294    .2074   -.54229
53428.00   .0277    .2085   -.54407
53429.00   .0259    .2097   -.54571
53430.00   .0241    .2111   -.54734
53431.00   .0219    .2127   -.54883
53432.00   .0194    .2140   -.55010
53433.00   .0172    .2149   -.55122
53434.00   .0152    .2157   -.55221
53435.00   .0128    .2165   -.55322
53436.00   .0106    .2169   -.55402
53437.00   .0089    .2177   -.55522
53438.00   .0067    .2185   -.55651
53439.00   .0049    .2193   -.55789
53440.00   .0024    .2203   -.55938
53441.00   .0007    .2210   -.56090
53442.00  -.0015    .2221   -.56230
53443.00  -.0025    .2222   -.56338
53444.00  -.0036    .2232   -.56415
53445.00  -.0056    .2232   -.56458
53446.00  -.0067    .2236   -.56476
53447.00  -.0080    .2238   -.56481
53448.00  -.0089    .2247   -.56484
53449.00  -.0098    .2257   -.56497
53450.00  -.0106    .2268   -.56509
53451.00  -.0118    .2281   -.56544
53452.00  -.0131    .2299   -.56602
53453.00  -.0153    .2319   -.56688
53454.00  -.0165    .2327   -.56793
53455.00  -.0177    .2346   -.56910
53456.00  -.0192    .2357   -.57028
53457.00  -.0207    .2380   -.57138
53458.00  -.0226    .2388   -.57232
53459.00  -.0246    .2404   -.57299
53460.00  -.0268    .2408   -.57336
53461.00  -.0286    .2427   -.57353
53462.00  -.0307    .2435   -.57360
53463.00  -.0323    .2450   -.57384
53464.00  -.0334    .2453   -.57432
53465.00  -.0343    .2460   -.57508
53466.00  -.0350    .2461   -.57605
53467.00  -.0355    .2480   -.57723
53468.00  -.0367    .2498   -.57852
53469.00  -.0383    .2523   -.57976
53470.00  -.0407    .2537   -.58085
53471.00  -.0424    .2552   -.58162
53472.00  -.0442    .2566   -.58207
53473.00  -.0453    .2585   -.58234
53474.00  -.0461    .2603   -.58259
53475.00  -.0466    .2622   -.58284
53476.00  -.0479    .2646   -.58317
53477.00  -.0493    .2670   -.58367
53478.00  -.0510    .2693   -.58432
53479.00  -.0523    .2715   -.58515
53480.00  -.0537    .2740   -.58617
53481.00  -.0549    .2762   -.58739
53482.00  -.0557    .2784   -.58877
53483.00  -.0568    .2806   -.59016
53484.00  -.0576    .2831   -.59166
53485.00  -.0584    .2850   -.59288
53486.00  -.0587    .2867   -.59404
53487.00  -.0587    .2884   -.59490
53488.00  -.0585    .2902   -.59552
53489.00  -.0578    .2922   -.59595
53490.00  -.0573    .2946   -.59650
53491.00  -.0572    .2973   -.59713
53492.00  -.0578    .2999   -.59800
53493.00  -.0590    .3019   -.59911
53494.00  -.0599    .3037   -.60043
53495.00  -.0606    .3057   -.60185
53496.00  -.0608    .3076   -.60320
53497.00  -.0607    .3095   -.60440
53498.00  -.0606    .3113   -.60541
53499.00  -.0607    .3129   -.60621
53500.00  -.0609    .3145   -.60679
53501.00  -.0613    .3159   -.60718
53502.00  -.0620    .3173   -.60747
53503.00  -.0631    .3187   -.60768
53504.00  -.0645    .3201   -.60791
53505.00  -.0658    .3216   -.60829
53506.00  -.0667    .3232   -.60885
53507.00  -.0675    .3248   -.60957
53508.00  -.0683    .3262   -.61041
53509.00  -.0691    .3276   -.61136
53510.00  -.0700    .3290   -.61239
53511.00  -.0706    .3304   -.61336
53512.00  -.0709    .3320   -.61422
53513.00  -.0712    .3337   -.61486
53514.00  -.0714    .3353   -.61514
53515.00  -.0713    .3371   -.61512
53516.00  -.0703    .3390   -.61488
53517.00  -.0690    .3413   -.61457
53518.00  -.0680    .3435   -.61439
53519.00  -.0671    .3456   -.61450
53520.00  -.0659    .3477   -.61486
53521.00  -.0645    .3495   -.61541
53522.00  -.0629    .3509   -.61610
53523.00  -.0616    .3524   -.61682
53524.00  -.0605    .3542   -.61737
53525.00  -.0599    .3562   -.61767
53526.00  -.0595    .3580   -.61778
53527.00  -.0591    .3595   -.61767
53528.00  -.0586    .3609   -.61731
53529.00  -.0582    .3621   -.61684
53530.00  -.0576    .3631   -.61626
53531.00  -.0566    .3646   -.61575
53532.00  -.0554    .3666   -.61533
53533.00  -.0543    .3687   -.61508
53534.00  -.0532    .3708   -.61491
53535.00  -.0525    .3729   -.61491
53536.00  -.0520    .3747   -.61507
53537.00  -.0514    .3762   -.61538
53538.00  -.0505    .3776   -.61578
53539.00  -.0495    .3792   -.61613
53540.00  -.0483    .3809   -.61633
53541.00  -.0471    .3825   -.61627
53542.00  -.0462    .3841   -.61595
53543.00  -.0455    .3857   -.61545
53544.00  -.0450    .3870   -.61497
53545.00  -.0444    .3881   -.61459
53546.00  -.0437    .3894   -.61440
53547.00  -.0428    .3905   -.61454
53548.00  -.0415    .3916   -.61482
53549.00  -.0404    .3931   -.61513
53550.00  -.0399    .3946   -.61538
53551.00  -.0399    .3958   -.61552
53552.00  -.0398    .3968   -.61546
53553.00  -.0393    .3977   -.61510
53554.00  -.0384    .3987   -.61447
53555.00  -.0374    .3997   -.61356
53556.00  -.0362    .4010   -.61252
53557.00  -.0345    .4026   -.61145
53558.00  -.0327    .4044   -.61047
53559.00  -.0312    .4060   -.60961
53560.00  -.0299    .4072   -.60892
53561.00  -.0285    .4079   -.60832
53562.00  -.0275    .4086   -.60802
53563.00  -.0266    .4092   -.60784
53564.00  -.0256    .4100   -.60773
53565.00  -.0243    .4111   -.60775
53566.00  -.0229    .4124   -.60768
53567.00  -.0216    .4135   -.60746
53568.00  -.0203    .4142   -.60714
53569.00  -.0196    .4146   -.60650
53570.00  -.0190    .4150   -.60570
53571.00  -.0183    .4151   -.60484
53572.00  -.0168    .4154   -.60404
53573.00  -.0152    .4161   -.60341
53574.00  -.0139    .4169   -.60315
53575.00  -.0129    .4177   -.60325
53576.00  -.0120    .4185   -.60363
53577.00  -.0111    .4190   -.60414
53578.00  -.0102    .4194   -.60456
53579.00  -.0091    .4199   -.60483
53580.00  -.0081    .4200   -.60487
53581.00  -.0063    .4202   -.60469
53582.00  -.0044    .4206   -.60423
53583.00  -.0028    .4210   -.60364
53584.00  -.0012    .4213   -.60302
53585.00   .0009    .4215   -.60238
53586.00   .0031    .4218   -.60177
53587.00   .0049    .4221   -.60126
53588.00   .0067    .4224   -.60096
53589.00   .0088    .4228   -.60089
53590.00   .0111    .4233   -.60105
53591.00   .0139    .4240   -.60139
53592.00   .0164    .4251   -.60184
53593.00   .0184    .4262   -.60225
53594.00   .0201    .4270   -.60255
53595.00   .0217    .4276   -.60266
53596.00   .0229    .4282   -.60253
53597.00   .0240    .4287   -.60220
53598.00   .0250    .4291   -.60176
53599.00   .0261    .4292   -.60135
53600.00   .0273    .4291   -.60101
53601.00   .0286    .4289   -.60090
53602.00   .0300    .4288   -.60115
53603.00   .0314    .4288   -.60173
53604.00   .0328    .4287   -.60245
53605.00   .0342    .4285   -.60308
53606.00   .0357    .4284   -.60350
53607.00   .0371    .4282   -.60366
53608.00   .0384    .4277   -.60352
53609.00   .0395    .4268   -.60307
53610.00   .0407    .4259   -.60240
53611.00   .0415    .4254   -.60157
53612.00   .0419    .4251   -.60066
53613.00   .0420    .4248   -.59981
53614.00   .0421    .4249   -.59913
53615.00   .0422    .4252   -.59866
53616.00   .0424    .4251   -.59849
53617.00   .0429    .4245   -.59865
53618.00   .0437    .4239   -.59885
53619.00   .0448    .4234   -.59921
53620.00   .0460    .4230   -.59967
53621.00   .0474    .4227   -.60014
53622.00   .0486    .4226   -.60052
53623.00   .0495    .4228   -.60073
53624.00   .0502    .4230   -.60073
53625.00   .0505    .4229   -.60057
53626.00   .0505    .4222   -.60040
53627.00   .0502    .4213   -.60037
53628.00   .0503    .4210   -.60062
53629.00   .0510    .4210   -.60115
53630.00   .0520    .4212   -.60208
53631.00   .0526    .4216   -.60329
53632.00   .0527    .4215   -.60458
53633.00   .0527    .4208   -.60578
53634.00   .0531    .4200   -.60675
53635.00   .0537    .4192   -.60740
53636.00   .0544    .4186   -.60772
53637.00   .0554    .4181   -.60777
53638.00   .0562    .4174   -.60771
53639.00   .0568    .4171   -.60748
53640.00   .0572    .4167   -.60730
53641.00   .0579    .4165   -.60722
53642.00   .0587    .4167   -.60730
53643.00   .0589    .4169   -.60760
53644.00   .0588    .4169   -.60805
53645.00   .05869   .41670  -.608744
53646.00   .05896   .41617  -.609490
53647.00   .05980   .41552  -.610221
53648.00   .06091   .41510  -.610847
53649.00   .06214   .41470  -.611372
53650.00   .06341   .41534  -.611738
53651.00   .06411   .41537  -.611959
53652.00   .06455   .41489  -.612036
53653.00   .06503   .41417  -.612042
53654.00   .06525   .41339  -.612074
53655.00   .06541   .41259  -.612246
53656.00   .06564   .41201  -.612753
53657.00   .06633   .41084  -.613407
53658.00   .06698   .40957  -.614423
53659.00   .06794   .40843  -.615593
53660.00   .06926   .40783  -.616744
53661.00   .07040   .40764  -.617774
53662.00   .07093   .40739  -.618599
53663.00   .07108   .40698  -.619164
53664.00   .07108   .40665  -.619547
53665.00   .07107   .40609  -.619752
53666.00   .07096   .40544  -.619876
53667.00   .07091   .40485  -.620028
53668.00   .07088   .40425  -.620263
53669.00   .07063   .40352  -.620591
53670.00   .06998   .40264  -.621107
53671.00   .06985   .40192  -.621670
53672.00   .06956   .40121  -.622494
53673.00   .06947   .40031  -.623502
53674.00   .07015   .39942  -.624589
53675.00   .07131   .39872  -.625640
53676.00   .07233   .39811  -.626568
53677.00   .07294   .39742  -.627326
53678.00   .07315   .39680  -.627821
53679.00   .07312   .39625  -.628105
53680.00   .0730    .3958   -.62828
53681.00   .0727    .3953   -.62844
53682.00   .0726    .3949   -.62873
53683.00   .0725    .3947   -.62931
53684.00   .0722    .3944   -.63026
53685.00   .0716    .3937   -.63155
53686.00   .0709    .3931   -.63300
53687.00   .0701    .3928   -.63445
53688.00   .0693    .3925   -.63579
53689.00   .0691    .3919   -.63690
53690.00   .0696    .3918   -.63774
53691.00   .0698    .3924   -.63827
53692.00   .0694    .3925   -.63860
53693.00   .0689    .3921   -.63877
53694.00   .0681    .3918   -.63900
53695.00   .0669    .3913   -.63934
53696.00   .0659    .3904   -.63981
53697.00   .0653    .3892   -.64041
53698.00   .0654    .3882   -.64116
53699.00   .0662    .3878   -.64203
53700.00   .0670    .3879   -.64301
53701.00   .0677    .3878   -.64406
53702.00   .0685    .3878   -.64507
53703.00   .0690    .3882   -.64596
53704.00   .0692    .3888   -.64664
53705.00   .0690    .3891   -.64710
53706.00   .0685    .3895   -.64736
53707.00   .0678    .3899   -.64750
53708.00   .0670    .3903   -.64761
53709.00   .0664    .3906   -.64775
53710.00   .0612    .3797   -.65056
53711.00   .0614    .3792   -.65139
53712.00   .0616    .3787   -.65244
53713.00   .0618    .3783   -.65361
53714.00   .0621    .3778   -.65479
53715.00   .0624    .3773   -.65586
53716.00   .0627    .3768   -.65671
53717.00   .0630    .3764   -.65729
53718.00   .0634    .3759   -.65760
53719.00   .0637    .3755   -.65766
53720.00   .0641    .3750   -.65759
53721.00   .0645    .3746   -.65747
53722.00   .0649    .3741   -.65738
53723.00   .0653    .3737   -.65739
53724.00   .0658    .3732   -.65754
53725.00   .0662    .3728   -.65785
53726.00   .0666    .3723   -.65829
53727.00   .0671    .3719   -.65886
53728.00   .0675    .3714   -.65950
53729.00   .0680    .3710   -.66014
53730.00   .0684    .3705   -.66072
53731.00   .0688    .3700   -.66116
53732.00   .0693    .3696   -.66142
53733.00   .0697    .3691   -.66147
53734.00   .05486   .38460   .661163
53735.00   .05378   .38384   .661145
53736.00   .05269   .38329   .338787
53737.00   .05174   .38292   .338545
53738.00   .05090   .38266   .338072
53739.00   .05015   .38236   .337379
53740.00   .04949   .38203   .336476
53741.00   .04949   .38180   .335555
53742.00   .04959   .38167   .334656
53743.00   .04953   .38153   .333967
53744.00   .04952   .38130   .333516
53745.00   .04957   .38111   .333321
53746.00   .04924   .38096   .333358
53747.00   .04883   .38062   .333562
53748.00   .04848   .38027   .333767
53749.00   .04865   .37993   .334000
53750.00   .04923   .37970   .334101
53751.00   .04997   .37965   .334077
53752.00   .05044   .37989   .333944
53753.00   .05062   .38027   .333625
53754.00   .05080   .38056   .333101
53755.00   .0510    .3808    .33241
53756.00   .0512    .3810    .33163
53757.00   .0513    .3811    .33085
53758.00   .0515    .3811    .33015
53759.00   .0516    .3812    .32957
53760.00   .0518    .3812    .32919
53761.00   .0520    .3811    .32901
53762.00   .0522    .3811    .32898
53763.00   .0524    .3810    .32899
53764.00   .0526    .3809    .32884
53765.00   .0528    .3808    .32840
53766.00   .0531    .3807    .32762
53767.00   .0533    .3806    .32657
53768.00   .0536    .3805    .32538
53769.00   .0538    .3804    .32424
53770.00   .0541    .3803    .32330
53771.00   .0544    .3802    .32264
53772.00   .0547    .3801    .32225
53773.00   .0549    .3800    .32208
53774.00   .0553    .3799    .32206
53775.00   .0556    .3798    .32208
53776.00   .0559    .3797    .32206
53777.00   .0562    .3796    .32194
53778.00   .0566    .3795    .32165
53779.00   .0569    .3795    .32118
53780.00   .0573    .3794    .32053
53781.00   .0576    .3793    .31972
53782.00   .0580    .3792    .31883
53783.00   .0583    .3791    .31790
53784.00   .0587    .3791    .31702
53785.00   .0591    .3790    .31624
53786.00   .0595    .3789    .31559
53787.00   .0599    .3789    .31512
53788.00   .0603    .3788    .31481
53789.00   .0607    .3787    .31462
53790.00   .0611    .3787    .31443
53791.00   .0616    .3786    .31410
53792.00   .0620    .3785    .31350
53793.00   .0624    .3785    .31254
53794.00   .0628    .3784    .31124
53795.00   .0633    .3783    .30970
53796.00   .0637    .3783    .30809
53797.00   .0642    .3782    .30663
53798.00   .0646    .3781    .30543
53799.00   .0651    .3781    .30457
53800.00   .0656    .3780    .30400
53801.00   .0660    .3779    .30365
53802.00   .0665    .3778    .30340
53803.00   .0670    .3778    .30316
53804.00   .0675    .3777    .30286
53805.00   .0679    .3776    .30242
53806.00   .0684    .3775    .30182
53807.00   .0689    .3774    .30103
53808.00   .0694    .3773    .30007
53809.00   .0699    .3772    .29901
53810.00   .0704    .3772    .29789
53811.00   .0709    .3771    .29680
53812.00   .0714    .3770    .29580
53813.00   .0719    .3769    .29494
53814.00   .0724    .3768    .29427
53815.00   .0729    .3767    .29377
53816.00   .0734    .3766    .29343
53817.00   .0739    .3764    .29314
53818.00   .0744    .3763    .29279
53819.00   .0750    .3762    .29225
53820.00   .0755    .3761    .29140
53821.00   .0760    .3759    .29019
53822.00   .0765    .3758    .28868
53823.00   .0770    .3757    .28701
53824.00   .0775    .3755    .28538
53825.00   .0781    .3754    .28395
53826.00   .0786    .3752    .28284
53827.00   .0791    .3750    .28206
53828.00   .0796    .3749    .28154
53829.00   .0801    .3747    .28119
53830.00   .0807    .3745    .28089
53831.00   .0812    .3743    .28056
53832.00   .0817    .3741    .28011
53833.00   .0822    .3739    .27953
53834.00   .0828    .3737    .27878
53835.00   .0833    .3735    .27787
53836.00   .0838    .3733    .27684
53837.00   .0843    .3731    .27573
53838.00   .0848    .3728    .27463
53839.00   .0854    .3726    .27360
53840.00   .0859    .3723    .27271
53841.00   .0864    .3721    .27200
53842.00   .0869    .3718    .27148
53843.00   .0874    .3715    .27112
53844.00   .0880    .3712    .27084
53845.00   .0885    .3710    .27054
53846.00   .0890    .3707    .27011
53847.00   .0895    .3704    .26943
53848.00   .0900    .3700    .26844
53849.00   .0905    .3697    .26715
53850.00   .0910    .3694    .26566
53851.00   .0916    .3690    .26412
53852.00   .0921    .3687    .26272
53853.00   .0926    .3683    .26159
53854.00   .0931    .3679    .26080
53855.00   .0936    .3676    .26032
53856.00   .0941    .3672    .26007
53857.00   .0946    .3668    .25993
53858.00   .0951    .3664    .25980
53859.00   .0956    .3659    .25958
53860.00   .0961    .3655    .25926
53861.00   .0966    .3651    .25879
53862.00   .0970    .3646    .25818
53863.00   .0975    .3642    .25744
53864.00   .0980    .3637    .25663
53865.00   .0985    .3632    .25582
53866.00   .0990    .3627    .25507
53867.00   .0994    .3622    .25446
53868.00   .0999    .3617    .25403
53869.00   .1004    .3611    .25381
53870.00   .1008    .3606    .25378
53871.00   .1013    .3600    .25388
53872.00   .1018    .3595    .25400
53873.00   .1022    .3589    .25403
53874.00   .1027    .3583    .25386
53875.00   .1031    .3577    .25342
53876.00   .1036    .3571    .25273
53877.00   .1040    .3565    .25183
53878.00   .1044    .3558    .25087
53879.00   .1049    .3552    .24998
53880.00   .1053    .3545    .24931
53881.00   .1057    .3539    .24895
53882.00   .1061    .3532    .24890
53883.00   .1065    .3525    .24911
53884.00   .1069    .3518    .24948
53885.00   .1073    .3511    .24988
53886.00   .1077    .3503    .25024
53887.00   .1081    .3496    .25048
53888.00   .1085    .3488    .25057
53889.00   .1088    .3481    .25051
53890.00   .1092    .3473    .25033
53891.00   .1096    .3465    .25007
53892.00   .1099    .3457    .24979
53893.00   .1103    .3449    .24956
53894.00   .1106    .3441    .24944
53895.00   .1109    .3432    .24949
53896.00   .1112    .3424    .24974
53897.00   .1116    .3415    .25019
53898.00   .1119    .3406    .25079
53899.00   .1121    .3398    .25145
53900.00   .1124    .3389    .25204
53901.00   .1127    .3380    .25244
53902.00   .1130    .3370    .25259
53903.00   .1132    .3361    .25247
53904.00   .1135    .3352    .25215
53905.00   .1137    .3342    .25174
53906.00   .1139    .3333    .25140
53907.00   .1141    .3323    .25125
53908.00   .1143    .3313    .25136
53909.00   .1145    .3303    .25178
53910.00   .1147    .3294    .25245
53911.00   .1149    .3283    .25329
53912.00   .1150    .3273    .25420
53913.00   .1152    .3263    .25507
53914.00   .1153    .3253    .25583
53915.00   .1154    .3242    .25644
53916.00   .1155    .3232    .25688
53917.00   .1156    .3221    .25719
53918.00   .1156    .3211    .25739
53919.00   .1157    .3200    .25755
53920.00   .1157    .3189    .25772
53921.00   .1158    .3178    .25799
53922.00   .1158    .3167    .25839
53923.00   .1158    .3156    .25897
53924.00   .1157    .3145    .25974
53925.00   .1157    .3134    .26066
53926.00   .1156    .3123    .26167
53927.00   .1156    .3112    .26264
53928.00   .1155    .3101    .26343
53929.00   .1153    .3090    .26395
53930.00   .1152    .3078    .26417
53931.00   .1151    .3067    .26414
53932.00   .1149    .3056    .26399
53933.00   .1147    .3044    .26388
53934.00   .1145    .3033    .26395
53935.00   .1143    .3021    .26430
53936.00   .1140    .3010    .26494
53937.00   .1137    .2998    .26584
53938.00   .1134    .2987    .26692
53939.00   .1131    .2976    .26806
53940.00   .1128    .2964    .26916
53941.00   .1124    .2953    .27013
53942.00   .1121    .2941    .27090
53943.00   .1117    .2930    .27145
53944.00   .1112    .2918    .27179
53945.00   .1107    .2907    .27196
53946.00   .1102    .2896    .27202
53947.00   .1097    .2885    .27205
53948.00   .1092    .2873    .27211
53949.00   .1086    .2862    .27228
53950.00   .1080    .2851    .27261
53951.00   .1074    .2840    .27314
53952.00   .1067    .2829    .27385
53953.00   .1060    .2818    .27470
53954.00   .1053    .2807    .27558
53955.00   .1046    .2796    .27635
53956.00   .1038    .2786    .27687
53957.00   .1031    .2775    .27706
53958.00   .1023    .2764    .27693
53959.00   .1014    .2754    .27659
53960.00   .1006    .2743    .27622
53961.00   .0997    .2733    .27600
53962.00   .0988    .2723    .27607
53963.00   .0979    .2713    .27647
53964.00   .0969    .2703    .27716
53965.00   .0959    .2693    .27805
53966.00   .0949    .2684    .27901
53967.00   .0939    .2674    .27993
53968.00   .0928    .2665    .28072
53969.00   .0917    .2656    .28132
53970.00   .0906    .2647    .28171
53971.00   .0895    .2638    .28185
53972.00   .0883    .2629    .28179
53973.00   .0871    .2620    .28160
53974.00   .0859    .2612    .28139
53975.00   .0847    .2604    .28124
53976.00   .0834    .2596    .28119
53977.00   .0821    .2588    .28127
53978.00   .0808    .2580    .28152
53979.00   .0794    .2573    .28189
53980.00   .0780    .2565    .28234
53981.00   .0766    .2558    .28284
53982.00   .0752    .2551    .28330
53983.00   .0738    .2545    .28358
53984.00   .0723    .2538    .28354
53985.00   .0708    .2532    .28313
53986.00   .0693    .2526    .28237
53987.00   .0677    .2520    .28144
53988.00   .0662    .2515    .28058
53989.00   .0646    .2509    .27996
53990.00   .0630    .2504    .27963
53991.00   .0613    .2500    .27961
53992.00   .0597    .2495    .27985
53993.00   .0580    .2491    .28023
53994.00   .0563    .2487    .28068
53995.00   .0546    .2483    .28100
53996.00   .0528    .2479    .28115
53997.00   .0510    .2476    .28115
53998.00   .0493    .2473    .28102
53999.00   .0474    .2471    .28077
54000.00   .0456    .2468    .28041
54001.00   .0438    .2466    .28002
54002.00   .0419    .2464    .27967
54003.00   .0400    .2463    .27936
54004.00   .0381    .2462    .27910
54005.00   .0362    .2461    .27891
54006.00   .0343    .2460    .27881
54007.00   .0324    .2460    .27879
54008.00   .0304    .2460    .27883
54009.00   .0284    .2460    .27878
54010.00   .0264    .2461    .27855
54011.00   .0244    .2462    .27802
54012.00   .0224    .2463    .27708
54013.00   .0204    .2464    .27579
54014.00   .0184    .2466    .27429
54015.00   .0163    .2468    .27274
54016.00   .0143    .2471    .27128
54017.00   .0122    .2474    .27013
54018.00   .0101    .2477    .26932
54019.00   .0081    .2480    .26883
54020.00   .0060    .2484    .26855
54021.00   .0039    .2488    .26837
54022.00   .0018    .2493    .26820
54023.00  -.0003    .2498    .26791
54024.00  -.0024    .2503    .26744
54025.00  -.0045    .2508    .26679
54026.00  -.0067    .2514    .26598
54027.00  -.0088    .2520    .26507
54028.00  -.0109    .2527    .26409
54029.00  -.0130    .2533    .26311
54030.00  -.0151    .2541    .26223
54031.00  -.0172    .2548    .26142
54032.00  -.0193    .2556    .26074
54033.00  -.0214    .2564    .26021
54034.00  -.0235    .2572    .25985
54035.00  -.0256    .2581    .25963
54036.00  -.0277    .2590    .25946
54037.00  -.0298    .2600    .25918
54038.00  -.0319    .2609    .25871
54039.00  -.0340    .2619    .25794
54040.00  -.0360    .2630    .25685
54041.00  -.0381    .2641    .25552
54042.00  -.0401    .2652    .25409
54043.00  -.0422    .2663    .25277
54044.00  -.0442    .2675    .25173
54045.00  -.0462    .2687    .25111
54046.00  -.0482    .2699    .25093
54047.00  -.0502    .2712    .25104
54048.00  -.0521    .2724    .25129
54049.00  -.0541    .2738    .25149
54050.00  -.0560    .2751    .25156
54051.00  -.0579    .2765    .25155
54052.00  -.0598    .2779    .25142
54053.00  -.0617    .2794    .25113
54054.00  -.0635    .2808    .25067
54055.00  -.0654    .2823    .25018
54056.00  -.0672    .2839    .24974
54057.00  -.0690    .2854    .24942
54058.00  -.0707    .2870    .24919
54059.00  -.0725    .2886    .24908
54060.00  -.0742    .2903    .24910
54061.00  -.0759    .2919    .24925
54062.00  -.0776    .2936    .24951
54063.00  -.0792    .2953    .24977
54064.00  -.0808    .2971    .24994
54065.00  -.0824    .2989    .24994
54066.00  -.0840    .3007    .24973
54067.00  -.0855    .3025    .24930
54068.00  -.0870    .3043    .24869
54069.00  -.0884    .3062    .24791
54070.00  -.0899    .3081    .24710
54071.00  -.0913    .3100    .24645
54072.00  -.0926    .3119    .24609
54073.00  -.0940    .3139    .24603
54074.00  -.0953    .3159    .24618
54075.00  -.0965    .3179    .24640
54076.00  -.0977    .3199    .24660
54077.00  -.0989    .3219    .24669
54078.00  -.1001    .3240    .24663
54079.00  -.1012    .3261    .24644
54080.00  -.1023    .3282    .24603
54081.00  -.1033    .3303    .24536
54082.00  -.1043    .3324    .24447
54083.00  -.1053    .3346    .24345
54084.00  -.1062    .3367    .24238
54085.00  -.1071    .3389    .24136
54086.00  -.1080    .3411    .24051
54087.00  -.1088    .3433    .23986
54088.00  -.1095    .3455    .23938
54089.00  -.1102    .3478    .23907
54090.00  -.1109    .3500    .23881
54091.00  -.1116    .3523    .23848
54092.00  -.1122    .3545    .23801
54093.00  -.1127    .3568    .23734
54094.00  -.1132    .3591    .23640
54095.00  -.1137    .3614    .23521
54096.00  -.1141    .3637    .23387
54097.00  -.1145    .3661    .23254
54098.00  -.1148    .3684    .23139
54099.00  -.1151    .3707    .23057
54100.00  -.1153    .3731    .23014
54101.00  -.1155    .3754    .22998
54102.00  -.1157    .3778    .22998
54103.00  -.1158    .3801    .23000
54104.00  -.1159    .3825    .22995
54105.00  -.1159    .3849    .22977
54106.00  -.1159    .3872    .22945
54107.00  -.1158    .3896    .22902
54108.00  -.1157    .3920    .22850
54109.00  -.1155    .3944    .22795
54110.00  -.1153    .3968    .22735
54111.00  -.1150    .3991    .22675
54112.00  -.1147    .4015    .22634
54113.00  -.1144    .4039    .22620
54114.00  -.1140    .4063    .22624
54115.00  -.1136    .4087    .22648
54116.00  -.1131    .4110    .22686
54117.00  -.1126    .4134    .22737
54118.00  -.1120    .4158    .22786
54119.00  -.1114    .4181    .22816